    unsorted:	 171.3472991 22603.09069 22962.01903 22207.40531 24551.23360 25010.67252 26014.32048 21121.80339 20131.16454 18376.87952 26890.05429 27752.28711 17462.52995 17020.10549 16572.07990 29168.30394 15061.53646 31904.09876 33618.67671 12256.18404 36019.72912 36703.65381 13406.97173 9652.007704 154.2184934 119.8541965 208.3835365 862.6335743 1524.009302 6283.306406 40269.38869 41391.47026 41553.24003 43012.90304 46488.18946 48386.25406 64362.88293 80035.48076 95120.48604 102060.2341 122683.6722 151924.5065 164562.0554 222201.5258 469842.8703 1159180.974
      sorted:	 119.8541965 154.2184934 171.3472991 208.3835365 862.6335743 1524.009302 6283.306406 9652.007704 12256.18404 13406.97173 15061.53646 16572.07990 17020.10549 17462.52995 18376.87952 20131.16454 21121.80339 22207.40531 22603.09069 22962.01903 24551.23360 25010.67252 26014.32048 26890.05429 27752.28711 29168.30394 31904.09876 33618.67671 36019.72912 36703.65381 40269.38869 41391.47026 41553.24003 43012.90304 46488.18946 48386.25406 64362.88293 80035.48076 95120.48604 102060.2341 122683.6722 151924.5065 164562.0554 222201.5258 469842.8703 1159180.974
