    unsorted:	 171.3472991 2.000705424e-05 158.1064612 2269.527597 2296.347231 2478.353801 1990.097536 1740.940789 1390.388217 1416.902653 1183.012353 1048.455308 304.6577518 223.5673089 501.1363937 2916.728728 3083.079765 3853.348642 3899.633012 4050.737360 4812.312560 4980.670606 5539.494471 6484.938841 6616.252380 6244.922686 7371.418670 7444.855578 7208.879099 7686.657169 8057.505275 8620.464563 9311.444129 9941.834394 11362.18557 13751.23027 15939.00282 16639.28965 19529.60800 20430.30150 21704.37653 28762.70289 38755.80789 40593.02346 55022.82886 56043.66353 80806.62748 120604.5014 169517.0573 871720.3693
      sorted:	 2.000705424e-05 158.1064612 171.3472991 223.5673089 304.6577518 501.1363937 1048.455308 1183.012353 1390.388217 1416.902653 1740.940789 1990.097536 2269.527597 2296.347231 2478.353801 2916.728728 3083.079765 3853.348642 3899.633012 4050.737360 4812.312560 4980.670606 5539.494471 6244.922686 6484.938841 6616.252380 7208.879099 7371.418670 7444.855578 7686.657169 8057.505275 8620.464563 9311.444129 9941.834394 11362.18557 13751.23027 15939.00282 16639.28965 19529.60800 20430.30150 21704.37653 28762.70289 38755.80789 40593.02346 55022.82886 56043.66353 80806.62748 120604.5014 169517.0573 871720.3693
