    unsorted:	 171.3472991 823.3250077 849.8581355 916.6513247 721.9650437 705.6268323 635.7620928 1032.357802 447.9848361 1415.546619 1316.028252 165.7728580 256.9714809 1619.392207 1971.886359 2325.785333 2363.401476 2486.734519 9.470293209e-07 0.0001022914466 2689.217914 2952.283065 3443.574484 3546.745847 4067.072023 4484.614765 5016.443016 5363.180152 5916.755592 6416.014089 7045.986946 8376.352519 8908.751690 10662.08473 12641.55265 14071.76105 18774.96396 19799.69087 23316.45633 26005.43737 30755.49254 39550.22724 67758.41546 108758.8555 169916.5915 518329.7736
      sorted:	 9.470293209e-07 0.0001022914466 165.7728580 171.3472991 256.9714809 447.9848361 635.7620928 705.6268323 721.9650437 823.3250077 849.8581355 916.6513247 1032.357802 1316.028252 1415.546619 1619.392207 1971.886359 2325.785333 2363.401476 2486.734519 2689.217914 2952.283065 3443.574484 3546.745847 4067.072023 4484.614765 5016.443016 5363.180152 5916.755592 6416.014089 7045.986946 8376.352519 8908.751690 10662.08473 12641.55265 14071.76105 18774.96396 19799.69087 23316.45633 26005.43737 30755.49254 39550.22724 67758.41546 108758.8555 169916.5915 518329.7736
