    unsorted:	 171.3472991 171.3472990 2240.779450 2229.412737 2268.329899 2470.253781 1719.121310 1684.000670 1554.864880 1.633037700e-05 1162.953002 956.5625050 3019.464003 3142.052129 309.8211131 558.3229347 74.29955168 3859.768174 3891.299650 4628.707302 5014.201777 5639.828979 5371.377006 6152.707507 6360.739353 6845.925013 7187.812102 7371.191818 7476.652108 8051.370713 8664.925049 8847.694979 9450.816005 9965.932129 10013.87717 11568.78505 12680.24505 14599.33012 16423.59346 20173.98302 22169.92186 27358.04246 30730.12745 38008.32409 69887.90423 71393.52879 84780.30935 136127.6405 186886.6540 876340.1528
      sorted:	 1.633037700e-05 74.29955168 171.3472990 171.3472991 309.8211131 558.3229347 956.5625050 1162.953002 1554.864880 1684.000670 1719.121310 2229.412737 2240.779450 2268.329899 2470.253781 3019.464003 3142.052129 3859.768174 3891.299650 4628.707302 5014.201777 5371.377006 5639.828979 6152.707507 6360.739353 6845.925013 7187.812102 7371.191818 7476.652108 8051.370713 8664.925049 8847.694979 9450.816005 9965.932129 10013.87717 11568.78505 12680.24505 14599.33012 16423.59346 20173.98302 22169.92186 27358.04246 30730.12745 38008.32409 69887.90423 71393.52879 84780.30935 136127.6405 186886.6540 876340.1528
