    unsorted:	 4.909364791e-07 5.028729023e-07 5.651768711e-07 8.794641483e-06 5.620854565e-05 171.3472991 1383.742047 1408.769456 1451.027102 1343.767303 808.2137939 1129.342465 1056.105698 945.3021166 689.2992690 170.0801777 120.4403976 442.3862197 2101.966148 2113.068136 2450.007363 2638.038956 3267.654127 3691.795264 5704.575914 5769.614954 6576.607998 6785.997175 7190.417020 8521.858059 8641.693444 8307.015060 10499.04715 11510.60112 13135.33757 13567.79168 15991.16325 18353.10309 19928.69491 21971.13490 29506.23682 35271.61669 37993.64611 42060.78304 46211.08677 48901.06424 62256.93765 91111.59368 110648.5481 168105.0451 1571543.952
      sorted:	 4.909364791e-07 5.028729023e-07 5.651768711e-07 8.794641483e-06 5.620854565e-05 120.4403976 170.0801777 171.3472991 442.3862197 689.2992690 808.2137939 945.3021166 1056.105698 1129.342465 1343.767303 1383.742047 1408.769456 1451.027102 2101.966148 2113.068136 2450.007363 2638.038956 3267.654127 3691.795264 5704.575914 5769.614954 6576.607998 6785.997175 7190.417020 8307.015060 8521.858059 8641.693444 10499.04715 11510.60112 13135.33757 13567.79168 15991.16325 18353.10309 19928.69491 21971.13490 29506.23682 35271.61669 37993.64611 42060.78304 46211.08677 48901.06424 62256.93765 91111.59368 110648.5481 168105.0451 1571543.952
