    unsorted:	 171.3472991 2.295225419e-06 157.5372077 126.4247897 284.7673337 554.4908594 589.5787246 1174.533705 1142.880470 1104.738027 1419.248759 1739.409350 1795.962758 2263.378632 2286.483394 2460.182412 2932.469920 3087.654668 3257.882022 3764.085790 3903.909959 5262.995989 5272.644367 4736.087908 5903.996185 6098.436277 6221.622196 6864.619671 7440.058935 8090.541270 8193.036961 8583.230428 9890.932010 9686.072804 11374.08246 12609.83745 13916.24132 15780.90666 18498.93092 19678.71092 22368.26562 34135.07135 41949.72765 44191.10200 46186.19211 64652.22183 81496.16880 112863.3250 161793.3660 945072.5835
      sorted:	 2.295225419e-06 126.4247897 157.5372077 171.3472991 284.7673337 554.4908594 589.5787246 1104.738027 1142.880470 1174.533705 1419.248759 1739.409350 1795.962758 2263.378632 2286.483394 2460.182412 2932.469920 3087.654668 3257.882022 3764.085790 3903.909959 4736.087908 5262.995989 5272.644367 5903.996185 6098.436277 6221.622196 6864.619671 7440.058935 8090.541270 8193.036961 8583.230428 9686.072804 9890.932010 11374.08246 12609.83745 13916.24132 15780.90666 18498.93092 19678.71092 22368.26562 34135.07135 41949.72765 44191.10200 46186.19211 64652.22183 81496.16880 112863.3250 161793.3660 945072.5835
