    unsorted:	 171.3472991 7.672304372e-06 159.1427734 2247.132397 2263.315929 2040.397042 2471.064179 1724.314656 1619.303725 1507.773113 1167.828400 503.8167658 628.7077567 662.6794372 297.3815528 2936.448485 3094.133829 3887.742251 3837.093718 4620.185010 4871.093652 5041.487913 5977.387384 6292.572627 6636.813416 6764.782642 7383.349708 7434.462969 7683.224991 7959.250631 8293.563555 9227.042842 9952.941524 10178.30269 11361.27725 13349.47119 15974.82986 17963.38932 19666.71412 20906.28727 23530.51277 26309.15992 39277.65305 45425.94802 65695.37665 74823.45136 86834.30461 128536.2623 182288.7315 1048403.297
      sorted:	 7.672304372e-06 159.1427734 171.3472991 297.3815528 503.8167658 628.7077567 662.6794372 1167.828400 1507.773113 1619.303725 1724.314656 2040.397042 2247.132397 2263.315929 2471.064179 2936.448485 3094.133829 3837.093718 3887.742251 4620.185010 4871.093652 5041.487913 5977.387384 6292.572627 6636.813416 6764.782642 7383.349708 7434.462969 7683.224991 7959.250631 8293.563555 9227.042842 9952.941524 10178.30269 11361.27725 13349.47119 15974.82986 17963.38932 19666.71412 20906.28727 23530.51277 26309.15992 39277.65305 45425.94802 65695.37665 74823.45136 86834.30461 128536.2623 182288.7315 1048403.297
