    unsorted:	 171.3472991 22437.58342 23019.37276 21742.80261 24051.72080 26096.38564 25512.10801 20577.26991 27375.21758 28197.46180 29205.84261 29442.15141 18805.88202 18117.81147 17482.21056 16837.73910 15926.24252 30796.28816 14429.55471 36819.64797 37553.22569 38892.50410 40717.00437 11062.59824 44878.71937 47085.16651 48196.46581 5832.336897 49883.75550 825.8766764 1502.599841 52693.80748 64354.72265 66472.50877 73501.38906 98392.19794 103028.6933 131387.5256 152547.1277 184061.9087 200449.7818 226696.7235 531760.2365 1463704.094 1.098459046e-06 1.295154990e-06
      sorted:	 1.098459046e-06 1.295154990e-06 171.3472991 825.8766764 1502.599841 5832.336897 11062.59824 14429.55471 15926.24252 16837.73910 17482.21056 18117.81147 18805.88202 20577.26991 21742.80261 22437.58342 23019.37276 24051.72080 25512.10801 26096.38564 27375.21758 28197.46180 29205.84261 29442.15141 30796.28816 36819.64797 37553.22569 38892.50410 40717.00437 44878.71937 47085.16651 48196.46581 49883.75550 52693.80748 64354.72265 66472.50877 73501.38906 98392.19794 103028.6933 131387.5256 152547.1277 184061.9087 200449.7818 226696.7235 531760.2365 1463704.094
