    unsorted:	 171.3472991 171.3472991 29150.98659 29650.80319 28557.38143 27577.61787 30781.44609 31462.80132 31753.49406 25965.59152 25154.52215 24567.21925 24298.63954 33138.83711 34270.90540 36310.84612 39465.50019 40087.73783 41321.78908 41408.92114 42508.45634 19755.41357 17284.16706 15364.47312 11425.18019 177.2493816 114.4274136 208.1526378 708.8808846 1108.215188 1998.968149 13419.17411 52075.46431 53004.16698 62105.17291 72890.31461 73775.98867 96092.40794 105765.2553 123457.4572 149904.9384 161736.3839 195974.5121 309396.4292 362970.6905 2480362.389
      sorted:	 114.4274136 171.3472991 171.3472991 177.2493816 208.1526378 708.8808846 1108.215188 1998.968149 11425.18019 13419.17411 15364.47312 17284.16706 19755.41357 24298.63954 24567.21925 25154.52215 25965.59152 27577.61787 28557.38143 29150.98659 29650.80319 30781.44609 31462.80132 31753.49406 33138.83711 34270.90540 36310.84612 39465.50019 40087.73783 41321.78908 41408.92114 42508.45634 52075.46431 53004.16698 62105.17291 72890.31461 73775.98867 96092.40794 105765.2553 123457.4572 149904.9384 161736.3839 195974.5121 309396.4292 362970.6905 2480362.389
