    unsorted:	 171.3472991 838.2938072 819.4692899 862.9692245 918.1171764 705.1270767 715.0959653 633.3398815 1057.334587 1313.202377 1415.268335 154.8522325 124.3180654 257.3678339 1610.555700 1944.020285 2123.965085 2350.372213 2457.103621 4.675564982e-07 0.0007203097429 2975.912639 3100.258785 3422.420010 3602.791660 4289.905364 4699.096310 4994.902538 5840.299143 6230.487858 6909.153219 7838.500675 8502.616108 11730.37198 13292.48874 14153.60244 17458.84080 20346.29369 20715.83818 24800.42167 29741.70493 40890.85115 57289.75430 101480.8764 158859.4724 502539.9122
      sorted:	 4.675564982e-07 0.0007203097429 124.3180654 154.8522325 171.3472991 257.3678339 633.3398815 705.1270767 715.0959653 819.4692899 838.2938072 862.9692245 918.1171764 1057.334587 1313.202377 1415.268335 1610.555700 1944.020285 2123.965085 2350.372213 2457.103621 2975.912639 3100.258785 3422.420010 3602.791660 4289.905364 4699.096310 4994.902538 5840.299143 6230.487858 6909.153219 7838.500675 8502.616108 11730.37198 13292.48874 14153.60244 17458.84080 20346.29369 20715.83818 24800.42167 29741.70493 40890.85115 57289.75430 101480.8764 158859.4724 502539.9122
