    unsorted:	 171.3472991 2302.930977 2281.810025 2534.141126 2756.756889 3162.362086 3027.961558 3250.791610 3743.346461 3746.811296 1778.739000 1719.886808 4774.225062 4933.538996 5392.911893 5804.899252 1186.375869 1234.692295 6455.838578 7097.391388 7351.983073 7528.303536 8029.165918 8292.895203 8416.290067 8959.178496 9180.039104 556.5768890 155.6888351 9543.478947 10499.46501 14973.12805 15807.10695 18215.60677 20038.94905 20318.90303 21437.61212 21885.02153 29941.16760 39296.96342 59407.57363 66248.92071 107166.4579 158814.9532 203981.6240 1547141.386
      sorted:	 155.6888351 171.3472991 556.5768890 1186.375869 1234.692295 1719.886808 1778.739000 2281.810025 2302.930977 2534.141126 2756.756889 3027.961558 3162.362086 3250.791610 3743.346461 3746.811296 4774.225062 4933.538996 5392.911893 5804.899252 6455.838578 7097.391388 7351.983073 7528.303536 8029.165918 8292.895203 8416.290067 8959.178496 9180.039104 9543.478947 10499.46501 14973.12805 15807.10695 18215.60677 20038.94905 20318.90303 21437.61212 21885.02153 29941.16760 39296.96342 59407.57363 66248.92071 107166.4579 158814.9532 203981.6240 1547141.386
