    unsorted:	 5.699046737e-07 1.293298373e-06 171.3472991 170.4234293 253.6307069 120.7799459 868.1884207 504.1947890 442.6107980 681.9441631 804.2263636 990.1038898 1057.925667 1310.506591 1306.167886 1435.236657 1581.891720 2472.738685 2576.187693 2646.673952 3687.453197 4669.818521 4946.667422 5694.144406 5999.662977 6635.755276 6522.448790 6928.108297 8365.791908 8683.871378 10140.02352 10837.61625 11475.94469 12861.27598 17706.60298 18767.45265 19904.62758 21073.93514 24795.68493 26712.41176 42063.43660 41061.12891 47123.27364 50957.00056 81931.21224 107604.1232 141327.2449 163656.4122 1807552.920
      sorted:	 5.699046737e-07 1.293298373e-06 120.7799459 170.4234293 171.3472991 253.6307069 442.6107980 504.1947890 681.9441631 804.2263636 868.1884207 990.1038898 1057.925667 1306.167886 1310.506591 1435.236657 1581.891720 2472.738685 2576.187693 2646.673952 3687.453197 4669.818521 4946.667422 5694.144406 5999.662977 6522.448790 6635.755276 6928.108297 8365.791908 8683.871378 10140.02352 10837.61625 11475.94469 12861.27598 17706.60298 18767.45265 19904.62758 21073.93514 24795.68493 26712.41176 41061.12891 42063.43660 47123.27364 50957.00056 81931.21224 107604.1232 141327.2449 163656.4122 1807552.920
