    unsorted:	 171.3472991 880.8606320 860.8299181 755.7171813 743.0697839 803.4673986 664.3470564 951.0478893 1153.923814 1358.550396 1481.863118 1652.903123 261.8686959 2047.245876 2190.534783 2421.496207 2487.965272 2528.665274 3021.432103 3278.306816 3494.032535 3912.642425 4139.145286 4736.022330 4885.607711 5382.815873 5807.287611 6228.658507 7328.690989 8440.325783 9918.774181 12238.83635 12487.14642 14152.05219 19304.79958 22083.74126 23630.97516 27581.69839 34423.55680 37177.36374 84730.54388 120678.5784 187533.3940 571338.9212 4.488643683e-07 1.290728430e-06
      sorted:	 4.488643683e-07 1.290728430e-06 171.3472991 261.8686959 664.3470564 743.0697839 755.7171813 803.4673986 860.8299181 880.8606320 951.0478893 1153.923814 1358.550396 1481.863118 1652.903123 2047.245876 2190.534783 2421.496207 2487.965272 2528.665274 3021.432103 3278.306816 3494.032535 3912.642425 4139.145286 4736.022330 4885.607711 5382.815873 5807.287611 6228.658507 7328.690989 8440.325783 9918.774181 12238.83635 12487.14642 14152.05219 19304.79958 22083.74126 23630.97516 27581.69839 34423.55680 37177.36374 84730.54388 120678.5784 187533.3940 571338.9212
