    unsorted:	 171.3472991 3.479437757e-07 839.7559290 868.9665706 807.2695953 796.5766800 740.5112258 945.0943924 1055.132298 133.1649779 156.6692436 203.5766810 267.1626752 1369.259740 1460.655318 1545.064992 1719.945302 2124.701967 2301.496255 2329.203688 2552.475381 2661.373888 3077.385754 3308.803703 4214.416265 4479.483478 5347.672128 6088.881232 6547.435677 8246.053818 8771.514721 9089.616254 9802.159194 13901.49214 15267.80915 21114.61184 27583.61425 38574.84464 42273.25237 48385.20010 96935.51504 431162.6328 -1176426.113 1444824.964 5.104147325e-07 1.295037829e-06
      sorted:	 -1176426.113 3.479437757e-07 5.104147325e-07 1.295037829e-06 133.1649779 156.6692436 171.3472991 203.5766810 267.1626752 740.5112258 796.5766800 807.2695953 839.7559290 868.9665706 945.0943924 1055.132298 1369.259740 1460.655318 1545.064992 1719.945302 2124.701967 2301.496255 2329.203688 2552.475381 2661.373888 3077.385754 3308.803703 4214.416265 4479.483478 5347.672128 6088.881232 6547.435677 8246.053818 8771.514721 9089.616254 9802.159194 13901.49214 15267.80915 21114.61184 27583.61425 38574.84464 42273.25237 48385.20010 96935.51504 431162.6328 1444824.964
