    unsorted:	 22433.51068 22902.12672 23603.20042 21764.60563 24915.61024 26094.47146 20231.77179 27697.93767 28306.74898 29046.90893 18258.37614 17946.23221 17447.26612 16481.88356 30538.15597 32871.08016 34247.16058 36418.77781 37701.77633 38305.58607 13073.53985 41147.79554 171.3472991 10999.46617 45325.63994 47819.68451 49827.59333 50063.02723 53104.33137 2165.237311 56553.45377 66988.16904 70163.12709 92689.61634 105281.5836 108403.3505 126452.0719 144859.2050 192389.2813 206433.3951 219614.4157 266605.0256 544275.3865 2233989.282 4.696638565e-07 1.284934763e-06
      sorted:	 4.696638565e-07 1.284934763e-06 171.3472991 2165.237311 10999.46617 13073.53985 16481.88356 17447.26612 17946.23221 18258.37614 20231.77179 21764.60563 22433.51068 22902.12672 23603.20042 24915.61024 26094.47146 27697.93767 28306.74898 29046.90893 30538.15597 32871.08016 34247.16058 36418.77781 37701.77633 38305.58607 41147.79554 45325.63994 47819.68451 49827.59333 50063.02723 53104.33137 56553.45377 66988.16904 70163.12709 92689.61634 105281.5836 108403.3505 126452.0719 144859.2050 192389.2813 206433.3951 219614.4157 266605.0256 544275.3865 2233989.282
