    unsorted:	 171.3472991 2.252443208e-06 163.2517354 159.7377056 148.9822253 115.0489608 284.4585780 548.7453577 570.3833875 893.4182229 1158.462324 1119.760439 1335.055389 1732.583888 1845.537901 2235.527553 2252.968264 2436.904770 2705.824644 3079.725627 3331.927313 3885.566119 3735.947301 3944.711634 6183.515459 6223.289070 6016.023612 6359.573918 5707.975588 6579.409603 7368.590368 8120.569250 9033.974693 9347.670769 10530.44806 10275.24465 10938.49404 12060.25495 14826.04359 19382.58551 20464.48723 22580.03811 26084.09027 43313.32932 43544.66096 50646.16263 72904.78219 95896.15276 151051.3157 890048.7693
      sorted:	 2.252443208e-06 115.0489608 148.9822253 159.7377056 163.2517354 171.3472991 284.4585780 548.7453577 570.3833875 893.4182229 1119.760439 1158.462324 1335.055389 1732.583888 1845.537901 2235.527553 2252.968264 2436.904770 2705.824644 3079.725627 3331.927313 3735.947301 3885.566119 3944.711634 5707.975588 6016.023612 6183.515459 6223.289070 6359.573918 6579.409603 7368.590368 8120.569250 9033.974693 9347.670769 10275.24465 10530.44806 10938.49404 12060.25495 14826.04359 19382.58551 20464.48723 22580.03811 26084.09027 43313.32932 43544.66096 50646.16263 72904.78219 95896.15276 151051.3157 890048.7693
