    unsorted:	 171.3472991 171.3473577 874.6793549 844.3521426 941.0513000 962.3559569 738.5067274 696.4593832 641.5910022 1183.949993 1375.184027 1486.470564 1661.922223 258.3884015 2341.986287 2462.885455 2481.935256 2205.074209 2594.571655 3312.186013 3453.463209 3535.339600 8.056093059e-07 2.017957475e-05 4115.324506 4554.365774 4710.763267 5464.994247 5922.949596 6445.120736 7531.344149 7433.540465 9151.034448 10167.44574 12683.63992 14346.95779 17184.37368 19307.72026 23596.88198 25921.59201 33037.09345 38301.77481 76394.01586 114368.7993 177996.7129 506073.0771
      sorted:	 8.056093059e-07 2.017957475e-05 171.3472991 171.3473577 258.3884015 641.5910022 696.4593832 738.5067274 844.3521426 874.6793549 941.0513000 962.3559569 1183.949993 1375.184027 1486.470564 1661.922223 2205.074209 2341.986287 2462.885455 2481.935256 2594.571655 3312.186013 3453.463209 3535.339600 4115.324506 4554.365774 4710.763267 5464.994247 5922.949596 6445.120736 7433.540465 7531.344149 9151.034448 10167.44574 12683.63992 14346.95779 17184.37368 19307.72026 23596.88198 25921.59201 33037.09345 38301.77481 76394.01586 114368.7993 177996.7129 506073.0771
