    unsorted:	 171.3472991 3.606185068e-06 157.6493125 120.9465606 269.7574291 598.3060657 561.0797298 911.8568993 1164.840241 1155.891000 1121.353216 1741.750286 1800.692923 1470.483268 2258.979863 2287.048035 2448.917533 2892.436503 3081.001558 3327.654111 3772.936552 3898.097299 4755.750856 5271.823445 5957.546164 5924.439813 6151.199237 6249.466528 6895.652462 7448.881986 8180.992802 8583.149522 9488.440166 9686.181569 10469.69929 11331.57690 12906.85425 15658.46985 18763.14102 19727.73895 22171.37635 24744.33078 33731.96336 41955.30774 44161.10626 48809.59645 67679.92367 106119.1311 160683.6971 795686.0726
      sorted:	 3.606185068e-06 120.9465606 157.6493125 171.3472991 269.7574291 561.0797298 598.3060657 911.8568993 1121.353216 1155.891000 1164.840241 1470.483268 1741.750286 1800.692923 2258.979863 2287.048035 2448.917533 2892.436503 3081.001558 3327.654111 3772.936552 3898.097299 4755.750856 5271.823445 5924.439813 5957.546164 6151.199237 6249.466528 6895.652462 7448.881986 8180.992802 8583.149522 9488.440166 9686.181569 10469.69929 11331.57690 12906.85425 15658.46985 18763.14102 19727.73895 22171.37635 24744.33078 33731.96336 41955.30774 44161.10626 48809.59645 67679.92367 106119.1311 160683.6971 795686.0726
