    unsorted:	 171.3472991 22857.93630 23242.43575 22340.06872 21460.41905 24800.68010 25891.56166 26272.70946 20311.78642 27422.08598 28030.75215 18600.76566 17844.99912 17247.90385 16685.35291 29472.38174 15479.04507 12613.58008 34581.47682 36258.19945 36678.46339 39503.37291 160.4474005 154.6059559 122.3895953 40824.58502 41398.91399 7488.248749 6037.252243 1483.957358 4.667697364e-07 43640.36068 44935.10881 48632.18873 49950.03492 58353.28693 64765.09333 95357.62528 100208.1746 120652.2188 153160.7983 164072.8688 222122.4726 472480.3678 1090517.253 1.264369540e-06
      sorted:	 4.667697364e-07 1.264369540e-06 122.3895953 154.6059559 160.4474005 171.3472991 1483.957358 6037.252243 7488.248749 12613.58008 15479.04507 16685.35291 17247.90385 17844.99912 18600.76566 20311.78642 21460.41905 22340.06872 22857.93630 23242.43575 24800.68010 25891.56166 26272.70946 27422.08598 28030.75215 29472.38174 34581.47682 36258.19945 36678.46339 39503.37291 40824.58502 41398.91399 43640.36068 44935.10881 48632.18873 49950.03492 58353.28693 64765.09333 95357.62528 100208.1746 120652.2188 153160.7983 164072.8688 222122.4726 472480.3678 1090517.253
