    unsorted:	 171.3472991 841.6811747 825.5633855 723.2948465 712.4044773 917.6946267 637.4419423 1048.486978 1411.091467 1302.032928 155.3165955 128.9346443 203.2975134 258.7917950 1567.726154 1659.240438 1922.656861 2250.479302 2312.506243 2518.572047 2724.037290 2948.275785 3175.089037 3934.669159 4527.698100 4496.296034 5577.933885 6057.693458 6538.369346 8289.573092 8367.655478 8998.270143 10241.80809 13175.51993 17001.94926 18819.36078 20157.26355 24968.27985 42293.64337 39774.23623 48675.15150 93264.86930 156200.9666 627247.9506 5.855994914e-07 1.294337805e-06
      sorted:	 5.855994914e-07 1.294337805e-06 128.9346443 155.3165955 171.3472991 203.2975134 258.7917950 637.4419423 712.4044773 723.2948465 825.5633855 841.6811747 917.6946267 1048.486978 1302.032928 1411.091467 1567.726154 1659.240438 1922.656861 2250.479302 2312.506243 2518.572047 2724.037290 2948.275785 3175.089037 3934.669159 4496.296034 4527.698100 5577.933885 6057.693458 6538.369346 8289.573092 8367.655478 8998.270143 10241.80809 13175.51993 17001.94926 18819.36078 20157.26355 24968.27985 39774.23623 42293.64337 48675.15150 93264.86930 156200.9666 627247.9506
