    unsorted:	 4.453853327e-07 171.3472991 171.1472211 -111.5342092 351.9233699 861.3634214 1181.014066 2511.276825 12348.57084 12994.06377 13414.55438 11655.59263 15858.01733 9698.678452 19357.07124 20296.79660 21453.00064 23917.95246 25065.61023 26647.58841 27550.50709 28634.58865 31882.10556 36248.66437 36972.85980 38863.12900 39451.39811 41136.14561 45372.39329 52635.33314 54649.12861 57795.25888 67734.37766 73640.71788 80074.31982 83161.81231 98736.20149 109843.4000 113652.5704 126380.0426 153017.2372 162808.2777 203629.5764 410118.5500 445968.3742 672149.2973 1066384.384 1313482.424 2045723.935 20698166.16
      sorted:	 -111.5342092 4.453853327e-07 171.1472211 171.3472991 351.9233699 861.3634214 1181.014066 2511.276825 9698.678452 11655.59263 12348.57084 12994.06377 13414.55438 15858.01733 19357.07124 20296.79660 21453.00064 23917.95246 25065.61023 26647.58841 27550.50709 28634.58865 31882.10556 36248.66437 36972.85980 38863.12900 39451.39811 41136.14561 45372.39329 52635.33314 54649.12861 57795.25888 67734.37766 73640.71788 80074.31982 83161.81231 98736.20149 109843.4000 113652.5704 126380.0426 153017.2372 162808.2777 203629.5764 410118.5500 445968.3742 672149.2973 1066384.384 1313482.424 2045723.935 20698166.16
