    unsorted:	 171.3472991 171.3472991 33114.38835 34003.04725 33816.45772 35238.98733 32161.07921 37475.11856 37668.80796 30650.22807 26575.77175 26086.00309 27403.89727 25186.67177 24445.31268 23738.79147 22432.57058 40553.45951 40899.36222 19136.57091 19415.79901 43114.14319 49861.25737 48498.86935 52391.53778 10913.97124 8910.068697 57691.21456 59210.92212 154.5711826 67556.68724 69860.06161 71491.46083 83894.98066 87869.54573 93297.84819 136339.0378 147723.7056 162843.2276 169141.6418 199056.2058 221898.3516 392977.6803 1782371.738 4.487167055e-07 1.294921146e-06
      sorted:	 4.487167055e-07 1.294921146e-06 154.5711826 171.3472991 171.3472991 8910.068697 10913.97124 19136.57091 19415.79901 22432.57058 23738.79147 24445.31268 25186.67177 26086.00309 26575.77175 27403.89727 30650.22807 32161.07921 33114.38835 33816.45772 34003.04725 35238.98733 37475.11856 37668.80796 40553.45951 40899.36222 43114.14319 48498.86935 49861.25737 52391.53778 57691.21456 59210.92212 67556.68724 69860.06161 71491.46083 83894.98066 87869.54573 93297.84819 136339.0378 147723.7056 162843.2276 169141.6418 199056.2058 221898.3516 392977.6803 1782371.738
