    unsorted:	 171.3472991 2305.704067 2286.378514 2374.295801 2384.644885 2584.331749 1723.068908 2976.883911 3114.886329 1201.986749 1183.915828 1368.466939 3718.769118 3737.772193 952.9250878 612.1563305 155.9147214 121.4007529 4854.497359 5138.931716 5618.001128 6088.149401 6607.947365 7153.783557 7520.902329 8029.187246 8405.980970 8523.796298 8926.893563 9203.050014 10365.07234 10970.63343 15064.85156 17633.78525 19443.64750 19042.67795 20543.20012 21550.75672 24117.01049 32005.37588 41968.36896 46835.00151 81212.97425 129022.4063 179093.9358 1388228.404
      sorted:	 121.4007529 155.9147214 171.3472991 612.1563305 952.9250878 1183.915828 1201.986749 1368.466939 1723.068908 2286.378514 2305.704067 2374.295801 2384.644885 2584.331749 2976.883911 3114.886329 3718.769118 3737.772193 4854.497359 5138.931716 5618.001128 6088.149401 6607.947365 7153.783557 7520.902329 8029.187246 8405.980970 8523.796298 8926.893563 9203.050014 10365.07234 10970.63343 15064.85156 17633.78525 19042.67795 19443.64750 20543.20012 21550.75672 24117.01049 32005.37588 41968.36896 46835.00151 81212.97425 129022.4063 179093.9358 1388228.404
