    unsorted:	 171.3472991 841.6814726 825.5632847 723.2952744 712.4045898 917.6945822 637.4421310 1048.486391 203.2992265 155.3165841 128.9346580 258.7918346 1302.032452 1411.092015 1567.738341 1659.261773 2.898279148e-06 5.338905660e-06 1922.709009 2250.488458 2312.524188 2518.584368 2724.094990 2948.294366 3175.090248 3934.661122 4527.684334 4496.283560 5577.927216 6057.686050 6538.356007 8289.569914 8367.589981 8998.254896 10241.78641 13175.50128 17002.08529 18819.32517 20157.08976 24968.29275 42293.64555 39774.70391 48675.11228 93265.44340 156201.1781 627250.8956
      sorted:	 2.898279148e-06 5.338905660e-06 128.9346580 155.3165841 171.3472991 203.2992265 258.7918346 637.4421310 712.4045898 723.2952744 825.5632847 841.6814726 917.6945822 1048.486391 1302.032452 1411.092015 1567.738341 1659.261773 1922.709009 2250.488458 2312.524188 2518.584368 2724.094990 2948.294366 3175.090248 3934.661122 4496.283560 4527.684334 5577.927216 6057.686050 6538.356007 8289.569914 8367.589981 8998.254896 10241.78641 13175.50128 17002.08529 18819.32517 20157.08976 24968.29275 39774.70391 42293.64555 48675.11228 93265.44340 156201.1781 627250.8956
