    unsorted:	 171.3472991 166.7594498 165.1015824 156.3970651 125.7070370 17341.86494 16930.32401 18274.20298 19097.66496 22007.84909 20819.78789 22887.45521 23159.60967 24421.83665 25129.11622 25709.87168 26375.77080 26772.24619 15485.48521 14385.75166 12745.23167 28894.66052 6815.720777 5525.978695 1780.343705 35905.53237 36616.25346 42591.71817 42271.01709 41305.25653 44154.15586 48166.05310 48839.43277 50956.54658 65670.17869 82335.52124 91529.01435 101906.0199 129563.4419 152916.5215 164984.8867 235378.3681 413786.6637 1211822.984 1.102252903e-06 1.294713913e-06
      sorted:	 1.102252903e-06 1.294713913e-06 125.7070370 156.3970651 165.1015824 166.7594498 171.3472991 1780.343705 5525.978695 6815.720777 12745.23167 14385.75166 15485.48521 16930.32401 17341.86494 18274.20298 19097.66496 20819.78789 22007.84909 22887.45521 23159.60967 24421.83665 25129.11622 25709.87168 26375.77080 26772.24619 28894.66052 35905.53237 36616.25346 41305.25653 42271.01709 42591.71817 44154.15586 48166.05310 48839.43277 50956.54658 65670.17869 82335.52124 91529.01435 101906.0199 129563.4419 152916.5215 164984.8867 235378.3681 413786.6637 1211822.984
