    unsorted:	 171.3472991 23152.32612 23026.95817 23501.92375 22209.81445 24962.79433 26232.87481 20621.52221 17464.67103 18409.01598 16950.22756 27818.93721 28495.84880 29464.02094 30945.67024 33203.07764 37726.91313 37344.75478 37004.81706 38848.05498 12631.31694 11790.40493 41880.72486 8392.225530 45535.25463 5538.187251 48375.57902 49709.91571 51078.02971 88.85830797 54833.16397 57739.86991 68626.98026 80851.06487 82979.25347 107158.0236 134385.7585 138809.1402 195558.2996 206566.8195 225802.1883 242572.9372 544845.6026 2051913.103 2.417430604e-05 1.293657227e-06
      sorted:	 1.293657227e-06 2.417430604e-05 88.85830797 171.3472991 5538.187251 8392.225530 11790.40493 12631.31694 16950.22756 17464.67103 18409.01598 20621.52221 22209.81445 23026.95817 23152.32612 23501.92375 24962.79433 26232.87481 27818.93721 28495.84880 29464.02094 30945.67024 33203.07764 37004.81706 37344.75478 37726.91313 38848.05498 41880.72486 45535.25463 48375.57902 49709.91571 51078.02971 54833.16397 57739.86991 68626.98026 80851.06487 82979.25347 107158.0236 134385.7585 138809.1402 195558.2996 206566.8195 225802.1883 242572.9372 544845.6026 2051913.103
