    unsorted:	 171.3472991 2300.820192 2281.901501 2321.637083 2371.034950 2580.760479 1721.671855 2970.312481 3110.263151 3719.834678 3733.552895 1199.041754 1181.325467 1366.475798 595.5609059 928.4143519 155.9034493 121.9723084 4890.396513 5710.058139 5595.391049 5996.500008 7136.441912 7212.398140 7776.766526 8011.302810 8199.999212 8513.936517 9145.922761 10244.79239 10392.47693 11287.68425 14343.25663 18384.50117 19004.68503 19760.25041 20810.67206 21716.37847 27910.76592 36771.92575 41973.32598 46955.90643 85393.57334 134608.1999 179996.9124 1430417.458
      sorted:	 121.9723084 155.9034493 171.3472991 595.5609059 928.4143519 1181.325467 1199.041754 1366.475798 1721.671855 2281.901501 2300.820192 2321.637083 2371.034950 2580.760479 2970.312481 3110.263151 3719.834678 3733.552895 4890.396513 5595.391049 5710.058139 5996.500008 7136.441912 7212.398140 7776.766526 8011.302810 8199.999212 8513.936517 9145.922761 10244.79239 10392.47693 11287.68425 14343.25663 18384.50117 19004.68503 19760.25041 20810.67206 21716.37847 27910.76592 36771.92575 41973.32598 46955.90643 85393.57334 134608.1999 179996.9124 1430417.458
