    unsorted:	 171.3472991 852.8908299 834.0860085 721.0822191 736.2862905 800.3120911 923.0664582 645.5080650 1115.221390 1304.030822 1426.618238 1619.229563 258.9588871 2067.681287 2313.962108 2420.705510 2501.136623 2629.328956 3033.577706 3299.108671 6.461719146e-07 4.617440971e-05 3573.639608 4003.741346 4132.341375 4649.940190 5208.664454 5508.902161 5895.195181 6406.118468 7258.559860 9504.156836 10703.34269 12148.95467 12617.22806 13988.18088 19214.14660 19870.85264 23048.02351 26194.55533 34595.14997 37181.58173 84992.53233 119677.1002 187644.6975 561937.6529
      sorted:	 6.461719146e-07 4.617440971e-05 171.3472991 258.9588871 645.5080650 721.0822191 736.2862905 800.3120911 834.0860085 852.8908299 923.0664582 1115.221390 1304.030822 1426.618238 1619.229563 2067.681287 2313.962108 2420.705510 2501.136623 2629.328956 3033.577706 3299.108671 3573.639608 4003.741346 4132.341375 4649.940190 5208.664454 5508.902161 5895.195181 6406.118468 7258.559860 9504.156836 10703.34269 12148.95467 12617.22806 13988.18088 19214.14660 19870.85264 23048.02351 26194.55533 34595.14997 37181.58173 84992.53233 119677.1002 187644.6975 561937.6529
