    unsorted:	 171.3472991 25184.91593 25380.40221 24577.70560 24061.08993 26365.68687 27714.57243 29968.37765 31178.49264 32200.10807 33254.23665 33775.31565 34946.96965 36362.22864 37807.32139 38736.68263 40554.38696 41046.61643 19229.42251 17654.18762 16585.91126 11727.31921 47646.47963 49735.37241 161.4334487 1340.728360 2140.704346 56605.22014 58500.99878 65270.25293 66815.88295 71509.36900 84684.54387 91627.72527 94350.78377 136437.9290 142495.9182 165700.9229 169297.0023 195646.1356 218984.8685 339202.0434 406555.4430 2780483.531 4.960108286e-07 1.294875964e-06
      sorted:	 4.960108286e-07 1.294875964e-06 161.4334487 171.3472991 1340.728360 2140.704346 11727.31921 16585.91126 17654.18762 19229.42251 24061.08993 24577.70560 25184.91593 25380.40221 26365.68687 27714.57243 29968.37765 31178.49264 32200.10807 33254.23665 33775.31565 34946.96965 36362.22864 37807.32139 38736.68263 40554.38696 41046.61643 47646.47963 49735.37241 56605.22014 58500.99878 65270.25293 66815.88295 71509.36900 84684.54387 91627.72527 94350.78377 136437.9290 142495.9182 165700.9229 169297.0023 195646.1356 218984.8685 339202.0434 406555.4430 2780483.531
