    unsorted:	 4.873856458e-07 4.032532483e-07 171.3472991 0.0009548694496 141.3357888 139.9856674 163.6073040 472.9797628 329.1473090 436.6753480 546.8840820 843.3133582 860.8812026 1343.706627 1352.570021 1449.871297 1502.907116 1221.341377 1593.620247 1647.632108 1989.133371 2445.559629 2534.222752 3316.255733 3666.133352 4139.995947 4719.919021 5127.961901 5449.289561 6219.960917 6543.310882 7298.663777 8193.239016 8275.086450 9235.796713 9588.825095 10122.95200 11072.53175 12420.35901 17166.38241 19151.10929 20038.67592 26204.73899 33481.00769 38009.90595 42067.76778 40410.27261 48394.75618 86121.15580 109949.5338 168858.5388 1497156.893
      sorted:	 4.032532483e-07 4.873856458e-07 0.0009548694496 139.9856674 141.3357888 163.6073040 171.3472991 329.1473090 436.6753480 472.9797628 546.8840820 843.3133582 860.8812026 1221.341377 1343.706627 1352.570021 1449.871297 1502.907116 1593.620247 1647.632108 1989.133371 2445.559629 2534.222752 3316.255733 3666.133352 4139.995947 4719.919021 5127.961901 5449.289561 6219.960917 6543.310882 7298.663777 8193.239016 8275.086450 9235.796713 9588.825095 10122.95200 11072.53175 12420.35901 17166.38241 19151.10929 20038.67592 26204.73899 33481.00769 38009.90595 40410.27261 42067.76778 48394.75618 86121.15580 109949.5338 168858.5388 1497156.893
