    unsorted:	 171.3472991 744.1125336 869.7101623 852.2106383 730.3748868 655.4988288 945.6472838 1082.100044 155.3359962 129.2057846 202.1995559 261.7206298 1355.283751 1464.591755 1530.938293 1639.333360 1889.303322 1.011957152e-06 0.0001123792734 2251.733801 2307.546333 2490.517883 2656.577922 2887.578960 3159.722042 3985.335998 4062.346049 4472.253281 4736.243325 5593.792536 6375.899995 7949.694952 8578.370154 8866.072748 9933.083098 13204.90304 17265.83229 18903.71194 20307.83535 31481.95385 42286.75924 40701.14359 55702.05670 96687.86583 154304.9433 657552.7970
      sorted:	 1.011957152e-06 0.0001123792734 129.2057846 155.3359962 171.3472991 202.1995559 261.7206298 655.4988288 730.3748868 744.1125336 852.2106383 869.7101623 945.6472838 1082.100044 1355.283751 1464.591755 1530.938293 1639.333360 1889.303322 2251.733801 2307.546333 2490.517883 2656.577922 2887.578960 3159.722042 3985.335998 4062.346049 4472.253281 4736.243325 5593.792536 6375.899995 7949.694952 8578.370154 8866.072748 9933.083098 13204.90304 17265.83229 18903.71194 20307.83535 31481.95385 40701.14359 42286.75924 55702.05670 96687.86583 154304.9433 657552.7970
