    unsorted:	 171.3472991 171.3472991 171.3472991 171.3472991 171.3472991 4.194320278e-07 4.063469216e-07 1.275584020e-06 0.0008992880498 0.01306584953 0.3941334595 3.304450101 -20.51683142 263.9669091 332.5775444 1812.761556 1813.842402 1790.086457 1905.967477 1939.168117 1632.109348 1570.774072 1526.753987 1378.211573 1344.220831 1306.833075 1184.950709 1056.277167 1081.470447 903.1611801 2094.132745 656.1276912 569.4952327 2234.183904 2459.843437 2594.908476 2573.243215 2727.244146 2829.554091 2895.102323 3042.435032 3068.394318 3382.951273 30473.58755 42220.73712 60272.38968 149865.5446 235962.8398
      sorted:	 -20.51683142 4.063469216e-07 4.194320278e-07 1.275584020e-06 0.0008992880498 0.01306584953 0.3941334595 3.304450101 171.3472991 171.3472991 171.3472991 171.3472991 171.3472991 263.9669091 332.5775444 569.4952327 656.1276912 903.1611801 1056.277167 1081.470447 1184.950709 1306.833075 1344.220831 1378.211573 1526.753987 1570.774072 1632.109348 1790.086457 1812.761556 1813.842402 1905.967477 1939.168117 2094.132745 2234.183904 2459.843437 2573.243215 2594.908476 2727.244146 2829.554091 2895.102323 3042.435032 3068.394318 3382.951273 30473.58755 42220.73712 60272.38968 149865.5446 235962.8398
