    unsorted:	 171.3472991 2475.681142 2291.133808 2270.239647 2605.837742 2739.719277 3085.874636 3162.878060 1743.177114 3858.761053 3917.011482 1580.500998 1544.607234 1192.871079 2.992249031e-05 594.1338316 310.1735208 59.61700230 5051.659680 5998.118062 5944.952770 6332.079172 6377.194736 6621.130488 7235.589081 7542.932298 7932.052900 8165.167779 8451.194981 8797.321801 9264.264828 9811.485611 10222.70669 11047.48307 13559.15926 13988.42400 15449.13594 19252.60087 20789.67859 21318.90013 23212.78216 31087.82273 36863.07409 46989.04458 73607.49321 81817.83088 94963.50872 140721.4318 202427.3934 1099566.064
      sorted:	 2.992249031e-05 59.61700230 171.3472991 310.1735208 594.1338316 1192.871079 1544.607234 1580.500998 1743.177114 2270.239647 2291.133808 2475.681142 2605.837742 2739.719277 3085.874636 3162.878060 3858.761053 3917.011482 5051.659680 5944.952770 5998.118062 6332.079172 6377.194736 6621.130488 7235.589081 7542.932298 7932.052900 8165.167779 8451.194981 8797.321801 9264.264828 9811.485611 10222.70669 11047.48307 13559.15926 13988.42400 15449.13594 19252.60087 20789.67859 21318.90013 23212.78216 31087.82273 36863.07409 46989.04458 73607.49321 81817.83088 94963.50872 140721.4318 202427.3934 1099566.064
