    unsorted:	 171.3472991 170.3713165 169.0097781 165.5908816 2392.062085 2291.203307 2262.440646 2358.217010 2587.257661 3057.526383 2816.692211 1710.926197 1434.619424 1183.113837 3633.784016 3746.129850 3847.937429 938.1072284 812.9789257 4326.602509 5329.026165 5549.155492 6094.321820 6289.411542 6901.277099 7096.373696 7976.287348 8436.223859 8637.538093 8880.303957 9249.051902 10613.63732 13484.67879 16837.44597 18445.07553 19588.42822 21003.17526 21761.45179 24982.99565 32162.19297 43358.05017 48229.94626 76820.72235 120817.7017 172923.2925 1467663.382
      sorted:	 165.5908816 169.0097781 170.3713165 171.3472991 812.9789257 938.1072284 1183.113837 1434.619424 1710.926197 2262.440646 2291.203307 2358.217010 2392.062085 2587.257661 2816.692211 3057.526383 3633.784016 3746.129850 3847.937429 4326.602509 5329.026165 5549.155492 6094.321820 6289.411542 6901.277099 7096.373696 7976.287348 8436.223859 8637.538093 8880.303957 9249.051902 10613.63732 13484.67879 16837.44597 18445.07553 19588.42822 21003.17526 21761.45179 24982.99565 32162.19297 43358.05017 48229.94626 76820.72235 120817.7017 172923.2925 1467663.382
