    unsorted:	 171.3472991 159.8524198 166.9256511 156.4317882 136.1781483 260.2287038 707.8675493 725.1575068 823.6735881 842.9445178 858.3708113 914.6278543 643.0035764 1005.001645 1288.302457 1254.638118 1405.414792 1586.760819 1772.747901 2195.498515 2311.924655 2462.610003 2680.069196 3176.474080 3105.092033 3999.815816 4558.417331 5118.272253 5861.145377 6113.293610 6722.724869 8382.133401 8748.822944 10510.23763 12600.54873 14124.99869 14844.37001 17622.09017 25439.48541 43757.29600 47161.26402 81288.82085 133727.1812 374429.1739 4.550354235e-07 1.295131094e-06
      sorted:	 4.550354235e-07 1.295131094e-06 136.1781483 156.4317882 159.8524198 166.9256511 171.3472991 260.2287038 643.0035764 707.8675493 725.1575068 823.6735881 842.9445178 858.3708113 914.6278543 1005.001645 1254.638118 1288.302457 1405.414792 1586.760819 1772.747901 2195.498515 2311.924655 2462.610003 2680.069196 3105.092033 3176.474080 3999.815816 4558.417331 5118.272253 5861.145377 6113.293610 6722.724869 8382.133401 8748.822944 10510.23763 12600.54873 14124.99869 14844.37001 17622.09017 25439.48541 43757.29600 47161.26402 81288.82085 133727.1812 374429.1739
