    unsorted:	 171.3472991 171.3472991 29376.56388 29606.86168 31174.79084 30607.74613 28603.51452 27873.70120 32195.39707 25798.55349 25084.29384 24614.00766 24093.16780 33867.51469 34762.22577 19317.11029 18863.67403 17116.57041 39387.21094 40156.41407 41246.29272 41348.59009 42167.99591 174.0676447 93.06972501 208.1592858 710.9918597 1106.534346 11395.08758 2398.970499 13320.57876 52495.88580 59452.51724 72657.36354 71623.41661 73583.61669 102707.4651 123184.9082 145447.4083 151079.5352 158829.0711 163957.4550 212179.1227 312687.4731 360951.0925 2767638.476
      sorted:	 93.06972501 171.3472991 171.3472991 174.0676447 208.1592858 710.9918597 1106.534346 2398.970499 11395.08758 13320.57876 17116.57041 18863.67403 19317.11029 24093.16780 24614.00766 25084.29384 25798.55349 27873.70120 28603.51452 29376.56388 29606.86168 30607.74613 31174.79084 32195.39707 33867.51469 34762.22577 39387.21094 40156.41407 41246.29272 41348.59009 42167.99591 52495.88580 59452.51724 71623.41661 72657.36354 73583.61669 102707.4651 123184.9082 145447.4083 151079.5352 158829.0711 163957.4550 212179.1227 312687.4731 360951.0925 2767638.476
