    unsorted:	 171.3472991 171.3472991 171.3473002 25146.54046 25335.07275 24592.12354 26110.18796 23516.95252 29086.87815 30946.62231 31127.94536 32647.52674 33095.45865 39926.66895 40279.52553 38939.45133 36884.69673 41978.05845 42734.11714 43964.69251 19283.36952 17614.31047 50045.75369 11311.42128 54372.06255 57247.49507 60276.44237 896.1337902 1911.562793 3084.545181 64465.47158 68649.91908 73354.69357 79254.58070 94311.51776 127144.8311 153677.1304 152245.2845 163436.4082 184198.7055 269329.6172 362101.7191 368359.2702 3023774.820 3.713881240e-06 1.292643203e-06
      sorted:	 1.292643203e-06 3.713881240e-06 171.3472991 171.3472991 171.3473002 896.1337902 1911.562793 3084.545181 11311.42128 17614.31047 19283.36952 23516.95252 24592.12354 25146.54046 25335.07275 26110.18796 29086.87815 30946.62231 31127.94536 32647.52674 33095.45865 36884.69673 38939.45133 39926.66895 40279.52553 41978.05845 42734.11714 43964.69251 50045.75369 54372.06255 57247.49507 60276.44237 64465.47158 68649.91908 73354.69357 79254.58070 94311.51776 127144.8311 152245.2845 153677.1304 163436.4082 184198.7055 269329.6172 362101.7191 368359.2702 3023774.820
