    unsorted:	 171.3472991 171.3472992 2289.309255 2257.173958 2528.969806 2859.147111 3730.733716 3754.113936 3686.165651 3376.629636 3214.866017 1837.342227 1710.132288 4724.522748 4839.155350 5569.731552 5879.603108 5911.301249 6262.721883 1189.750698 1288.319667 992.7155271 7063.044444 7923.790101 8247.902989 8561.502083 8898.831476 9157.605010 9419.288055 10054.00872 10643.63627 11517.79845 14496.89979 18477.64896 21007.52622 21195.64943 22123.04195 22657.68080 36036.10333 38039.05878 64267.25122 76097.37913 111321.8380 170246.4986 214219.7713 1582404.875
      sorted:	 171.3472991 171.3472992 992.7155271 1189.750698 1288.319667 1710.132288 1837.342227 2257.173958 2289.309255 2528.969806 2859.147111 3214.866017 3376.629636 3686.165651 3730.733716 3754.113936 4724.522748 4839.155350 5569.731552 5879.603108 5911.301249 6262.721883 7063.044444 7923.790101 8247.902989 8561.502083 8898.831476 9157.605010 9419.288055 10054.00872 10643.63627 11517.79845 14496.89979 18477.64896 21007.52622 21195.64943 22123.04195 22657.68080 36036.10333 38039.05878 64267.25122 76097.37913 111321.8380 170246.4986 214219.7713 1582404.875
