    unsorted:	 171.3472991 2317.333312 2299.823005 2527.523449 2695.555756 2851.217533 2994.374521 3137.803391 3740.675646 3745.391037 1727.744974 1530.492606 1201.340401 1150.527129 4649.293536 4934.028135 5373.311354 5736.447647 6362.900421 6728.968332 7118.169209 7172.196606 7277.545350 7665.785144 153.7974473 189.2591926 8343.752544 8768.092441 9058.407630 9392.916952 10653.05028 11306.13910 15276.95681 19543.07520 20070.17710 20928.10215 22699.63691 25871.83415 32224.34674 40614.94542 51758.21366 55157.89907 75914.93471 120230.8175 169998.5481 851774.9724
      sorted:	 153.7974473 171.3472991 189.2591926 1150.527129 1201.340401 1530.492606 1727.744974 2299.823005 2317.333312 2527.523449 2695.555756 2851.217533 2994.374521 3137.803391 3740.675646 3745.391037 4649.293536 4934.028135 5373.311354 5736.447647 6362.900421 6728.968332 7118.169209 7172.196606 7277.545350 7665.785144 8343.752544 8768.092441 9058.407630 9392.916952 10653.05028 11306.13910 15276.95681 19543.07520 20070.17710 20928.10215 22699.63691 25871.83415 32224.34674 40614.94542 51758.21366 55157.89907 75914.93471 120230.8175 169998.5481 851774.9724
