    unsorted:	 171.3472991 166.8880660 159.7577329 156.3238775 135.8530366 263.1044270 731.1904193 740.0676429 661.0448618 839.8358510 860.4127556 882.8219226 943.2390237 1041.740447 1287.371416 1343.133990 1459.947544 4.933004770 2.929905089 1622.619955 1800.794986 2224.279425 2326.354739 2485.649927 2628.488242 3135.780138 3227.737728 3998.018794 4595.995733 5138.757574 5888.032197 6137.683158 6740.375579 8512.177179 8974.829264 10236.89011 12588.95000 14134.74167 15055.37963 17586.66189 25606.70944 43752.50410 47183.23999 81379.54195 133771.9149 374572.4062
      sorted:	 2.929905089 4.933004770 135.8530366 156.3238775 159.7577329 166.8880660 171.3472991 263.1044270 661.0448618 731.1904193 740.0676429 839.8358510 860.4127556 882.8219226 943.2390237 1041.740447 1287.371416 1343.133990 1459.947544 1622.619955 1800.794986 2224.279425 2326.354739 2485.649927 2628.488242 3135.780138 3227.737728 3998.018794 4595.995733 5138.757574 5888.032197 6137.683158 6740.375579 8512.177179 8974.829264 10236.89011 12588.95000 14134.74167 15055.37963 17586.66189 25606.70944 43752.50410 47183.23999 81379.54195 133771.9149 374572.4062
