    unsorted:	 171.3472991 22948.85306 22526.33918 23415.17666 21867.11307 26024.31470 24987.73609 27099.55861 27826.03866 20446.31728 29133.95306 18405.51712 17293.63480 17018.59859 15167.09631 30648.60174 12840.56270 11908.44487 36938.39144 37140.37919 40185.24381 41226.57862 7404.462039 6134.272666 331.7761069 912.1276772 44813.17159 46303.86147 47128.58366 49551.33985 49943.96881 53102.94152 60021.32404 66392.78733 95911.15968 100948.8802 118915.2476 142320.9170 175873.5480 184984.6060 212189.2598 225471.7542 492656.9249 1865374.968 1.741534889e-06 1.294822406e-06
      sorted:	 1.294822406e-06 1.741534889e-06 171.3472991 331.7761069 912.1276772 6134.272666 7404.462039 11908.44487 12840.56270 15167.09631 17018.59859 17293.63480 18405.51712 20446.31728 21867.11307 22526.33918 22948.85306 23415.17666 24987.73609 26024.31470 27099.55861 27826.03866 29133.95306 30648.60174 36938.39144 37140.37919 40185.24381 41226.57862 44813.17159 46303.86147 47128.58366 49551.33985 49943.96881 53102.94152 60021.32404 66392.78733 95911.15968 100948.8802 118915.2476 142320.9170 175873.5480 184984.6060 212189.2598 225471.7542 492656.9249 1865374.968
