    unsorted:	 171.3472991 171.3472991 30767.95825 30123.56568 29768.61589 31786.57375 32345.77382 33629.20155 34557.92367 26260.58526 25340.22752 24735.53780 24391.29582 23745.90681 37625.53241 38956.45555 40234.35425 40668.77443 44012.40385 18001.71835 16460.07494 15358.26413 47002.73158 11193.18072 50314.98989 54063.23883 1902.569629 723.9940026 905.3036829 5.240058778e-07 58323.60206 1.088773697e-06 64665.01869 68038.17565 76361.43120 81882.36965 90849.96176 113983.2554 133444.7778 157452.6677 162251.1685 185560.7090 217308.1443 268626.5203 390767.7673 2245897.891
      sorted:	 5.240058778e-07 1.088773697e-06 171.3472991 171.3472991 723.9940026 905.3036829 1902.569629 11193.18072 15358.26413 16460.07494 18001.71835 23745.90681 24391.29582 24735.53780 25340.22752 26260.58526 29768.61589 30123.56568 30767.95825 31786.57375 32345.77382 33629.20155 34557.92367 37625.53241 38956.45555 40234.35425 40668.77443 44012.40385 47002.73158 50314.98989 54063.23883 58323.60206 64665.01869 68038.17565 76361.43120 81882.36965 90849.96176 113983.2554 133444.7778 157452.6677 162251.1685 185560.7090 217308.1443 268626.5203 390767.7673 2245897.891
