    unsorted:	 171.3472991 719.6827523 859.1323290 870.7350187 839.8504856 738.4127883 942.9464594 650.9751888 1061.478355 1365.894684 1464.937425 1614.119299 260.2209232 155.3166174 126.6422706 1769.865848 2099.644555 2385.895655 2438.112462 3037.004703 2961.057671 3247.611596 3452.294235 4352.745880 4585.216150 5058.457283 5400.856825 6196.962065 6292.697127 7081.868137 8767.779952 9399.939851 11150.25928 13562.63760 14841.42345 19307.89206 20715.49472 22017.42361 27895.63804 40885.99522 56985.49616 93811.58428 158578.6664 479589.1950 7.506923406e-07 1.294809093e-06
      sorted:	 7.506923406e-07 1.294809093e-06 126.6422706 155.3166174 171.3472991 260.2209232 650.9751888 719.6827523 738.4127883 839.8504856 859.1323290 870.7350187 942.9464594 1061.478355 1365.894684 1464.937425 1614.119299 1769.865848 2099.644555 2385.895655 2438.112462 2961.057671 3037.004703 3247.611596 3452.294235 4352.745880 4585.216150 5058.457283 5400.856825 6196.962065 6292.697127 7081.868137 8767.779952 9399.939851 11150.25928 13562.63760 14841.42345 19307.89206 20715.49472 22017.42361 27895.63804 40885.99522 56985.49616 93811.58428 158578.6664 479589.1950
