    unsorted:	 171.3472991 4.174579539e-07 159.0690125 121.9809387 52.56775064 12.81854730 751.2823871 690.0901550 919.4712678 1048.114282 1740.647067 2480.235773 2245.747640 2646.663667 2710.601499 3373.414109 3853.732795 4394.494304 4949.639430 5335.348765 5566.406623 6453.633110 6839.300462 7344.500846 7726.069698 8101.874682 9200.508336 9442.955139 10346.28502 11053.71132 11822.65218 11968.86606 13167.08937 13743.31034 18013.58788 21569.46111 24589.52954 28156.16772 31635.19095 33080.12304 35982.94520 38069.81091 41776.76780 46167.55206 48646.41391 56759.75792 69727.44661 75104.68500 113656.1242 133094.0010 160457.2984 204132.9783 3457625.213
      sorted:	 4.174579539e-07 12.81854730 52.56775064 121.9809387 159.0690125 171.3472991 690.0901550 751.2823871 919.4712678 1048.114282 1740.647067 2245.747640 2480.235773 2646.663667 2710.601499 3373.414109 3853.732795 4394.494304 4949.639430 5335.348765 5566.406623 6453.633110 6839.300462 7344.500846 7726.069698 8101.874682 9200.508336 9442.955139 10346.28502 11053.71132 11822.65218 11968.86606 13167.08937 13743.31034 18013.58788 21569.46111 24589.52954 28156.16772 31635.19095 33080.12304 35982.94520 38069.81091 41776.76780 46167.55206 48646.41391 56759.75792 69727.44661 75104.68500 113656.1242 133094.0010 160457.2984 204132.9783 3457625.213
