    unsorted:	 171.3472991 171.3472991 147.3539738 167.4577159 112.9452559 734.7787494 896.8302328 6.064590790e-07 4.867535197e-05 1787.579139 26234.87152 25325.37275 24864.62646 26649.94018 23975.20973 28408.86832 29979.21185 31124.41992 31563.96865 19740.14985 19235.21850 17689.15881 35675.53853 38145.16642 38417.98019 40098.85499 42243.98922 42443.76544 12167.88637 10613.79808 44843.42583 47791.71379 52676.03071 57648.46519 68497.24743 67882.04036 70913.86110 94076.99019 124684.6461 146513.6238 152155.1326 156261.1426 158163.3262 255823.7090 297306.4337 2106037.391
      sorted:	 6.064590790e-07 4.867535197e-05 112.9452559 147.3539738 167.4577159 171.3472991 171.3472991 734.7787494 896.8302328 1787.579139 10613.79808 12167.88637 17689.15881 19235.21850 19740.14985 23975.20973 24864.62646 25325.37275 26234.87152 26649.94018 28408.86832 29979.21185 31124.41992 31563.96865 35675.53853 38145.16642 38417.98019 40098.85499 42243.98922 42443.76544 44843.42583 47791.71379 52676.03071 57648.46519 67882.04036 68497.24743 70913.86110 94076.99019 124684.6461 146513.6238 152155.1326 156261.1426 158163.3262 255823.7090 297306.4337 2106037.391
