    unsorted:	 5.335665255e-07 8.429812788e-07 1.131662519e-06 1.967003818e-06 171.3472991 170.9608652 119.7502157 1962.334940 2399.812508 1810.639140 1698.483695 1574.569195 1248.302184 1120.776832 1093.079107 838.7705020 765.7705607 462.8175015 2525.724187 2736.509513 3268.923574 3434.787798 3660.292795 3892.242469 4739.470323 5691.583321 6126.972673 7207.899322 7160.789346 7909.084723 8575.459548 9013.354495 11066.94043 11369.95464 16558.66744 18248.09290 20200.03622 22492.35782 23553.84243 26597.28609 30087.97597 38238.78033 41949.45709 42340.25347 50329.16864 96076.56979 113343.4966 170301.7121 1577287.755
      sorted:	 5.335665255e-07 8.429812788e-07 1.131662519e-06 1.967003818e-06 119.7502157 170.9608652 171.3472991 462.8175015 765.7705607 838.7705020 1093.079107 1120.776832 1248.302184 1574.569195 1698.483695 1810.639140 1962.334940 2399.812508 2525.724187 2736.509513 3268.923574 3434.787798 3660.292795 3892.242469 4739.470323 5691.583321 6126.972673 7160.789346 7207.899322 7909.084723 8575.459548 9013.354495 11066.94043 11369.95464 16558.66744 18248.09290 20200.03622 22492.35782 23553.84243 26597.28609 30087.97597 38238.78033 41949.45709 42340.25347 50329.16864 96076.56979 113343.4966 170301.7121 1577287.755
