    unsorted:	 171.3472991 171.3473443 819.6616111 849.3666403 914.1243835 952.5778106 713.2798187 684.8142840 624.8854759 1137.415266 1312.503358 1428.555840 1624.109340 255.7617450 2034.151217 2403.811151 2291.450166 2458.806224 2578.968716 2991.275014 3313.689105 3562.545727 4027.445626 4190.430216 4634.141188 5063.814181 5569.444549 6343.032958 6415.113930 7463.965941 8749.348188 9072.504383 12592.03690 14506.53601 18993.56166 22341.22726 23479.19576 28846.02642 32289.96192 38310.34970 77162.42382 118184.8274 180343.2235 543964.4501 5.437743384e-07 1.294114307e-06
      sorted:	 5.437743384e-07 1.294114307e-06 171.3472991 171.3473443 255.7617450 624.8854759 684.8142840 713.2798187 819.6616111 849.3666403 914.1243835 952.5778106 1137.415266 1312.503358 1428.555840 1624.109340 2034.151217 2291.450166 2403.811151 2458.806224 2578.968716 2991.275014 3313.689105 3562.545727 4027.445626 4190.430216 4634.141188 5063.814181 5569.444549 6343.032958 6415.113930 7463.965941 8749.348188 9072.504383 12592.03690 14506.53601 18993.56166 22341.22726 23479.19576 28846.02642 32289.96192 38310.34970 77162.42382 118184.8274 180343.2235 543964.4501
