    unsorted:	 171.3472991 876.9631928 849.2379230 944.6623959 721.2755779 746.7307071 653.5989718 1071.042572 448.0564890 167.4792936 259.8206085 1375.070785 1471.462769 1654.988724 2018.986687 2365.416442 2381.080069 2509.834718 2704.446933 7.996314553e-07 5.355489517e-05 3042.460713 3414.555443 3469.562660 4129.638412 4551.192836 5017.916130 5492.011623 5942.588839 6503.840761 7040.326508 8299.122321 9145.587811 10690.70137 12500.30428 13897.55485 18437.42872 19727.93881 23639.47092 26025.59835 30628.93707 39547.55833 67765.47905 108384.8437 169889.0912 517507.7977
      sorted:	 7.996314553e-07 5.355489517e-05 167.4792936 171.3472991 259.8206085 448.0564890 653.5989718 721.2755779 746.7307071 849.2379230 876.9631928 944.6623959 1071.042572 1375.070785 1471.462769 1654.988724 2018.986687 2365.416442 2381.080069 2509.834718 2704.446933 3042.460713 3414.555443 3469.562660 4129.638412 4551.192836 5017.916130 5492.011623 5942.588839 6503.840761 7040.326508 8299.122321 9145.587811 10690.70137 12500.30428 13897.55485 18437.42872 19727.93881 23639.47092 26025.59835 30628.93707 39547.55833 67765.47905 108384.8437 169889.0912 517507.7977
