    unsorted:	 8.304374761e-07 8.434713115e-07 9.533895041e-07 1.651206917e-05 171.3472991 170.9527402 2018.834049 2472.152266 2130.778487 1610.785443 1740.771209 1286.471331 1148.068557 1132.727010 2578.166910 845.3514748 748.7386191 464.2823142 2837.625120 3509.640791 3352.391371 4738.981856 4860.549276 6180.542615 5871.112246 7299.783700 7452.520027 7693.301736 8467.691487 8939.995719 11211.53260 11529.77377 11674.36712 12320.64787 14106.99325 18446.39626 20822.52742 22689.47984 24498.62557 27358.18934 38425.72749 39979.24328 41944.13702 48369.36964 62427.66073 110747.5172 126197.1734 170415.4632 1831992.164
      sorted:	 8.304374761e-07 8.434713115e-07 9.533895041e-07 1.651206917e-05 170.9527402 171.3472991 464.2823142 748.7386191 845.3514748 1132.727010 1148.068557 1286.471331 1610.785443 1740.771209 2018.834049 2130.778487 2472.152266 2578.166910 2837.625120 3352.391371 3509.640791 4738.981856 4860.549276 5871.112246 6180.542615 7299.783700 7452.520027 7693.301736 8467.691487 8939.995719 11211.53260 11529.77377 11674.36712 12320.64787 14106.99325 18446.39626 20822.52742 22689.47984 24498.62557 27358.18934 38425.72749 39979.24328 41944.13702 48369.36964 62427.66073 110747.5172 126197.1734 170415.4632 1831992.164
