    unsorted:	 171.3472991 3770.573957 3747.132943 3792.393633 2908.287539 2871.972776 3142.548698 3322.904218 2614.046017 2316.348859 2140.000477 1783.842212 1733.992008 4317.236909 5027.924964 5721.978408 5755.567220 5902.763164 6260.358149 6713.287067 6957.113649 1292.655983 1023.410766 8011.968978 8304.713991 8902.024080 9026.907935 9984.060452 10875.52839 11731.24359 14241.46119 14692.12953 15561.69684 18888.54483 20819.53859 21801.24542 21906.10230 33616.58502 36907.10715 42220.02549 74314.04309 86091.87195 114243.0653 158846.1252 207150.1551 1303715.821
      sorted:	 171.3472991 1023.410766 1292.655983 1733.992008 1783.842212 2140.000477 2316.348859 2614.046017 2871.972776 2908.287539 3142.548698 3322.904218 3747.132943 3770.573957 3792.393633 4317.236909 5027.924964 5721.978408 5755.567220 5902.763164 6260.358149 6713.287067 6957.113649 8011.968978 8304.713991 8902.024080 9026.907935 9984.060452 10875.52839 11731.24359 14241.46119 14692.12953 15561.69684 18888.54483 20819.53859 21801.24542 21906.10230 33616.58502 36907.10715 42220.02549 74314.04309 86091.87195 114243.0653 158846.1252 207150.1551 1303715.821
